Start 0.000000 2.190000 0.000000
Normal -22.000000 2.000000 1.000000
Normal -23.000000 2.000000 1.000000
Normal 28.000000 2.000000 1.000000
Normal -34.000000 2.000000 0.000000
Normal -39.000000 2.000000 1.000000
Normal -39.000000 2.000000 -1.000000
Orange 39.000000 2.000000 1.000000
Normal -40.000000 2.000000 -1.000000
Normal -40.000000 2.000000 1.000000
Orange 40.000000 2.000000 1.000000
Orange 41.000000 2.000000 1.000000
Normal -41.000000 2.000000 1.000000
Normal -41.000000 2.000000 -1.000000
Orange 42.000000 2.000000 1.000000
Normal -42.000000 2.000000 -1.000000
Normal -42.000000 2.000000 1.000000
Orange 43.000000 2.000000 1.000000
Normal -43.000000 2.000000 1.000000
Normal -43.000000 2.000000 -1.000000
Normal -48.000000 2.000000 0.000000
Normal -49.000000 2.000000 0.000000
Leaves 43.000000 2.000000 -9.000000
Leaves 44.000000 2.000000 -8.000000
Orange 50.000000 2.000000 2.000000
Leaves 43.000000 2.000000 -10.000000
Leaves 44.000000 2.000000 -9.000000
Leaves 45.000000 2.000000 -8.000000
Orange 51.000000 2.000000 2.000000
Leaves 44.000000 2.000000 -10.000000
Leaves 46.000000 2.000000 -8.000000
Leaves 43.000000 2.000000 -11.000000
Leaves 45.000000 2.000000 -9.000000
Orange 52.000000 2.000000 2.000000
Leaves 46.000000 2.000000 -9.000000
Log 45.000000 2.000000 -10.000000
Leaves 44.000000 2.000000 -11.000000
Leaves 46.000000 2.000000 -10.000000
Leaves 47.000000 2.000000 -9.000000
Leaves 45.000000 2.000000 -11.000000
Leaves 44.000000 2.000000 -12.000000
Leaves 46.000000 2.000000 -11.000000
Leaves 45.000000 2.000000 -12.000000
Leaves 47.000000 2.000000 -10.000000
Leaves 47.000000 2.000000 -11.000000
Leaves 46.000000 2.000000 -12.000000
Orange -13.000000 3.000000 0.000000
Orange -14.000000 3.000000 0.000000
Orange -15.000000 3.000000 0.000000
Normal -26.000000 3.000000 0.000000
Normal -26.000000 3.000000 -1.000000
Normal -39.000000 3.000000 1.000000
Normal -39.000000 3.000000 -1.000000
Normal -40.000000 3.000000 1.000000
Normal -40.000000 3.000000 -1.000000
Normal -41.000000 3.000000 1.000000
Normal -41.000000 3.000000 -1.000000
Normal -42.000000 3.000000 1.000000
Normal -42.000000 3.000000 -1.000000
Normal -43.000000 3.000000 -1.000000
Normal -43.000000 3.000000 1.000000
Normal -48.000000 3.000000 0.000000
Normal -48.000000 3.000000 1.000000
Leaves 44.000000 3.000000 -9.000000
Leaves 44.000000 3.000000 -10.000000
Leaves 45.000000 3.000000 -9.000000
Leaves 45.000000 3.000000 -10.000000
Leaves 46.000000 3.000000 -9.000000
Leaves 44.000000 3.000000 -11.000000
Normal 54.000000 3.000000 -1.000000
Normal 55.000000 3.000000 -1.000000
Leaves 46.000000 3.000000 -10.000000
Leaves 45.000000 3.000000 -11.000000
Normal 56.000000 3.000000 -1.000000
Leaves 46.000000 3.000000 -11.000000
Yellow 58.000000 3.000000 0.000000
Normal 22.000000 1.000000 1.000000
Normal 24.000000 1.000000 -1.000000
Normal -24.000000 1.000000 1.000000
Yellow -25.000000 1.000000 1.000000
Normal 27.000000 1.000000 0.000000
Normal -27.000000 1.000000 -1.000000
Normal -34.000000 1.000000 0.000000
Orange 39.000000 1.000000 1.000000
Normal -39.000000 1.000000 1.000000
Normal -39.000000 1.000000 -1.000000
Normal -40.000000 1.000000 1.000000
Normal -40.000000 1.000000 -1.000000
Orange 40.000000 1.000000 1.000000
Orange 41.000000 1.000000 1.000000
Normal -41.000000 1.000000 1.000000
Normal -41.000000 1.000000 -1.000000
Normal -42.000000 1.000000 1.000000
Normal -42.000000 1.000000 -1.000000
Orange 42.000000 1.000000 1.000000
Normal -43.000000 1.000000 1.000000
Normal -43.000000 1.000000 -1.000000
Orange 43.000000 1.000000 1.000000
Normal -48.000000 1.000000 0.000000
Normal -48.000000 1.000000 -1.000000
Leaves 44.000000 1.000000 -8.000000
Leaves 43.000000 1.000000 -9.000000
Leaves 43.000000 1.000000 -10.000000
Leaves 44.000000 1.000000 -9.000000
Leaves 45.000000 1.000000 -8.000000
Leaves 44.000000 1.000000 -10.000000
Leaves 45.000000 1.000000 -9.000000
Leaves 46.000000 1.000000 -8.000000
Leaves 43.000000 1.000000 -11.000000
Normal 53.000000 1.000000 1.000000
Log 45.000000 1.000000 -10.000000
Leaves 46.000000 1.000000 -9.000000
Leaves 44.000000 1.000000 -11.000000
Leaves 44.000000 1.000000 -12.000000
Leaves 46.000000 1.000000 -10.000000
Leaves 47.000000 1.000000 -9.000000
Leaves 45.000000 1.000000 -11.000000
Leaves 47.000000 1.000000 -10.000000
Leaves 46.000000 1.000000 -11.000000
Leaves 45.000000 1.000000 -12.000000
Leaves 47.000000 1.000000 -11.000000
Leaves 46.000000 1.000000 -12.000000
Thorn -7.000000 0.500000 0.000000 -7.000000 1.000000 0.000000 0.300000
Yellow -42.000000 4.000000 0.000000
Normal -47.000000 4.000000 0.000000
Normal -48.000000 4.000000 0.000000
Normal 55.000000 4.000000 -1.000000
Yellow 61.000000 4.000000 0.000000
Yellow 0.000000 0.000000 0.000000
Normal 1.000000 0.000000 0.000000
Normal -1.000000 0.000000 0.000000
Normal -2.000000 0.000000 0.000000
Normal 2.000000 0.000000 0.000000
Normal -3.000000 0.000000 0.000000
Normal 3.000000 0.000000 0.000000
Normal 6.000000 0.000000 0.000000
Normal -7.000000 0.000000 0.000000
Normal 7.000000 0.000000 0.000000
Normal -8.000000 0.000000 0.000000
Yellow 8.000000 0.000000 0.000000
Yellow -9.000000 0.000000 0.000000
Normal 9.000000 0.000000 0.000000
Normal -10.000000 0.000000 0.000000
Normal 10.000000 0.000000 0.000000
Normal 11.000000 0.000000 0.000000
Normal -11.000000 0.000000 0.000000
Normal -17.000000 0.000000 0.000000
Normal 17.000000 0.000000 0.000000
Normal -18.000000 0.000000 0.000000
Normal 18.000000 0.000000 0.000000
Yellow -19.000000 0.000000 0.000000
Normal 19.000000 0.000000 0.000000
Normal -20.000000 0.000000 0.000000
Yellow 20.000000 0.000000 0.000000
Normal 21.000000 0.000000 0.000000
Normal -21.000000 0.000000 0.000000
Normal -30.000000 0.000000 0.000000
Yellow -31.000000 0.000000 0.000000
Normal -32.000000 0.000000 0.000000
Normal 32.000000 0.000000 0.000000
Normal -33.000000 0.000000 0.000000
Normal 33.000000 0.000000 0.000000
Yellow 34.000000 0.000000 0.000000
Normal 35.000000 0.000000 0.000000
Normal 36.000000 0.000000 0.000000
Normal -36.000000 0.000000 0.000000
Normal 37.000000 0.000000 0.000000
Normal -37.000000 0.000000 0.000000
Yellow -38.000000 0.000000 0.000000
Normal -39.000000 0.000000 0.000000
Normal -39.000000 0.000000 -1.000000
Normal -40.000000 0.000000 0.000000
Normal -39.000000 0.000000 1.000000
Orange 39.000000 0.000000 1.000000
Orange 40.000000 0.000000 1.000000
Normal -40.000000 0.000000 -1.000000
Normal -40.000000 0.000000 1.000000
Orange 41.000000 0.000000 1.000000
Normal -41.000000 0.000000 -1.000000
Normal -41.000000 0.000000 1.000000
Normal -42.000000 0.000000 1.000000
Normal -42.000000 0.000000 -1.000000
Normal -43.000000 0.000000 0.000000
Orange 42.000000 0.000000 1.000000
Normal -44.000000 0.000000 0.000000
Normal -43.000000 0.000000 1.000000
Normal -43.000000 0.000000 -1.000000
Orange 43.000000 0.000000 1.000000
Yellow -45.000000 0.000000 0.000000
Normal 45.000000 0.000000 0.000000
Normal -46.000000 0.000000 0.000000
Yellow 46.000000 0.000000 0.000000
Normal -47.000000 0.000000 0.000000
Normal 47.000000 0.000000 0.000000
Normal -48.000000 0.000000 0.000000
Normal 48.000000 0.000000 0.000000
Normal 49.000000 0.000000 0.000000
Log 45.000000 0.000000 -10.000000
Yellow 90.000000 0.000000 0.000000
Normal -48.000000 5.000000 0.000000
Yellow -48.000000 5.000000 -1.000000
Normal -48.000000 5.000000 -2.000000
Normal 55.000000 5.000000 -1.000000
Yellow 64.000000 5.000000 0.000000
Normal 44.000000 -1.000000 0.000000
Log 45.000000 -1.000000 -10.000000
Normal -48.000000 6.000000 0.000000
Normal -49.000000 6.000000 0.000000
Normal -48.000000 6.000000 -2.000000
Normal -48.000000 6.000000 -3.000000
Yellow 67.000000 6.000000 0.000000
Log 45.000000 -2.000000 -10.000000
Normal -46.000000 7.000000 0.000000
Normal -46.000000 7.000000 -1.000000
Normal -46.000000 7.000000 1.000000
Normal -48.000000 7.000000 0.000000
Normal -48.000000 7.000000 1.000000
Normal -49.000000 7.000000 0.000000
Normal -48.000000 7.000000 -2.000000
Purple 70.000000 7.000000 0.000000
Dirt 44.000000 -3.000000 -9.000000
Dirt 44.000000 -3.000000 -10.000000
Dirt 45.000000 -3.000000 -9.000000
Dirt 45.000000 -3.000000 -10.000000
Dirt 44.000000 -3.000000 -11.000000
Dirt 46.000000 -3.000000 -9.000000
Dirt 45.000000 -3.000000 -11.000000
Dirt 46.000000 -3.000000 -10.000000
Dirt 46.000000 -3.000000 -11.000000
Normal -47.000000 8.000000 0.000000
Normal -47.000000 8.000000 -1.000000
Yellow -48.000000 8.000000 0.000000
Green 16.000000 -5.000000 0.000000
Green 77.000000 -15.000000 4.000000
Green 84.000000 -15.000000 -4.000000
Thorn -22 2 0.5 -22 2 0 0.4
Thorn -48 7.5 -2 -48 8 -2 0.5